0 0.66171875 0.490625 0.0921875 0.05625
0 0.67890625 0.45234375 0.0640625 0.0390625
0 0.653125 0.653125 0.071875 0.0453125
0 0.6703125 0.75859375 0.1 0.059375
0 0.50546875 0.8046875 0.2359375 0.175
0 0.11015625 0.5875 0.0609375 0.059375
0 0.32109375 0.66015625 0.065625 0.0625
0 0.48828125 0.41484375 0.053125 0.03125
0 0.2609375 0.33515625 0.1515625 0.0640625
0 0.10859375 0.3578125 0.046875 0.0328125
0 0.15234375 0.39296875 0.046875 0.0296875
0 0.0421875 0.4515625 0.0796875 0.0390625
0 0.06328125 0.4265625 0.0625 0.028125
0 0.31328125 0.54140625 0.0671875 0.0390625
0 0.2515625 0.57421875 0.04375 0.0328125
0 0.30625 0.909375 0.1359375 0.1375