0 0.21015625 0.45390625 0.0640625 0.0578125
0 0.39375 0.34296875 0.25625 0.0953125
0 0.86484375 0.66015625 0.2625 0.309375
0 0.91328125 0.909375 0.1171875 0.18125
0 0.4109375 0.83671875 0.3921875 0.2984375
0 0.22734375 0.66640625 0.084375 0.0796875
0 0.4734375 0.534375 0.1359375 0.090625
0 0.603125 0.6328125 0.0640625 0.0453125
0 0.6703125 0.4296875 0.0640625 0.0484375
0 0.303125 0.4296875 0.1171875 0.0765625
0 0.27890625 0.50390625 0.05 0.0375
0 0.15546875 0.58203125 0.0609375 0.0609375
0 0.1796875 0.74921875 0.065625 0.065625
0 0.6328125 0.32890625 0.1734375 0.0578125