0 0.5796875 0.4625 0.446875 0.38125
0 0.86640625 0.728125 0.2671875 0.271875
0 0.1828125 0.5828125 0.2703125 0.1734375
0 0.20546875 0.69921875 0.271875 0.1828125
0 0.2765625 0.85859375 0.265625 0.2828125
0 0.28515625 0.42109375 0.2828125 0.175
0 0.2921875 0.3140625 0.1625 0.0875
0 0.5484375 0.146875 0.1828125 0.1046875
0 0.36328125 0.2171875 0.1875 0.1109375
0 0.1953125 0.215625 0.153125 0.1171875
0 0.26171875 0.13671875 0.1125 0.0703125
0 0.36328125 0.08984375 0.1234375 0.0640625
0 0.47578125 0.09140625 0.1234375 0.065625
0 0.65390625 0.071875 0.090625 0.05
0 0.61328125 0.0296875 0.065625 0.0328125
0 0.58515625 0.0046875 0.0609375 0.009375
0 0.521875 0.025 0.0640625 0.0390625