0 0.3578125 0.5375 0.0734375 0.0484375
0 0.15078125 0.85 0.16875 0.1890625
0 0.2375 0.9125 0.0921875 0.109375
0 0.34921875 0.7421875 0.1 0.096875
0 0.45 0.75078125 0.1 0.0921875
0 0.58828125 0.7578125 0.08125 0.0703125
0 0.51875 0.8765625 0.0984375 0.1078125
0 0.38046875 0.90703125 0.10625 0.11875
0 0.4421875 0.97421875 0.13125 0.0515625
0 0.67265625 0.93515625 0.134375 0.09375
0 0.46484375 0.5734375 0.046875 0.04375
0 0.425 0.55 0.0375 0.0234375
0 0.52890625 0.51796875 0.165625 0.146875
0 0.7890625 0.6828125 0.34375 0.2609375
0 0.946875 0.8671875 0.10625 0.190625