0 0.70234375 0.66484375 0.4375 0.3078125
0 0.75390625 0.44296875 0.08125 0.0484375
0 0.821875 0.91484375 0.146875 0.1703125
0 0.33828125 0.69921875 0.15625 0.15625
0 0.26953125 0.85 0.0984375 0.1453125
0 0.1578125 0.790625 0.1359375 0.1546875
0 0.15703125 0.628125 0.1734375 0.1359375
0 0.12109375 0.51484375 0.2421875 0.1671875
0 0.29375 0.43515625 0.09375 0.0875
0 0.2421875 0.37109375 0.1375 0.084375
0 0.39609375 0.52890625 0.1609375 0.1609375
0 0.52890625 0.42421875 0.078125 0.078125
0 0.040625 0.74375 0.08125 0.14375
0 0.4828125 0.73125 0.0765625 0.115625