0 0.6453125 0.428125 0.09375 0.05625
0 0.64609375 0.3859375 0.0640625 0.0390625
0 0.70078125 0.58125 0.071875 0.0453125
0 0.7578125 0.67109375 0.1 0.0609375
0 0.62421875 0.77890625 0.2375 0.178125
0 0.175 0.7328125 0.0625 0.059375
0 0.39765625 0.7171875 0.0671875 0.0625
0 0.45546875 0.4265625 0.053125 0.0328125
0 0.21484375 0.44140625 0.1515625 0.0671875
0 0.08359375 0.521875 0.046875 0.0328125
0 0.13828125 0.53671875 0.046875 0.03125
0 0.059375 0.634375 0.0796875 0.040625
0 0.06875 0.603125 0.0625 0.0296875
0 0.34453125 0.6109375 0.0671875 0.040625
0 0.3 0.665625 0.04375 0.0328125
0 0.48125 0.94140625 0.1375 0.1171875