0 0.315625 0.68515625 0.459375 0.346875
0 0.24140625 0.46953125 0.084375 0.0546875
0 0.225 0.928125 0.165625 0.14375
0 0.68125 0.68125 0.16875 0.16875
0 0.76640625 0.8234375 0.1125 0.1515625
0 0.87109375 0.753125 0.1484375 0.165625
0 0.85390625 0.59140625 0.184375 0.1515625
0 0.87578125 0.47421875 0.2484375 0.1890625
0 0.6984375 0.4140625 0.1 0.0953125
0 0.7421875 0.34453125 0.14375 0.0953125
0 0.60625 0.51796875 0.1734375 0.1734375
0 0.46328125 0.428125 0.084375 0.0828125
0 0.96796875 0.69296875 0.0640625 0.1515625
0 0.54140625 0.728125 0.0859375 0.121875