0 0.56171875 0.2984375 0.1015625 0.0984375
0 0.653125 0.24296875 0.0609375 0.0640625
0 0.59375 0.44140625 0.0953125 0.1140625
0 0.4578125 0.5515625 0.109375 0.075
0 0.4921875 0.51328125 0.0765625 0.0453125
0 0.70078125 0.67421875 0.08125 0.1234375
0 0.69765625 0.83984375 0.1203125 0.1671875
0 0.71171875 0.46796875 0.0609375 0.0796875
0 0.7109375 0.3328125 0.075 0.090625
0 0.50390625 0.375 0.0453125 0.0390625
0 0.4859375 0.40703125 0.04375 0.0296875
0 0.52734375 0.34765625 0.034375 0.0296875
0 0.6046875 0.18046875 0.040625 0.03125