0 0.60078125 0.70703125 0.2328125 0.1296875
0 0.38203125 0.8609375 0.1421875 0.1328125
0 0.43984375 0.6453125 0.1203125 0.075
0 0.46328125 0.571875 0.096875 0.059375
0 0.58125 0.60078125 0.1 0.059375
0 0.5828125 0.4984375 0.0875 0.0421875
0 0.38203125 0.4921875 0.165625 0.05625
0 0.2796875 0.53984375 0.1015625 0.05
0 0.46640625 0.43671875 0.0890625 0.0359375
0 0.92734375 0.6109375 0.1453125 0.103125
0 0.8765625 0.54296875 0.1046875 0.053125
0 0.8234375 0.5046875 0.1171875 0.0609375
0 0.7515625 0.44140625 0.06875 0.0296875
0 0.68203125 0.415625 0.071875 0.03125
0 0.72109375 0.37109375 0.1109375 0.040625
0 0.5875 0.33984375 0.1046875 0.0375
0 0.63125 0.35859375 0.0671875 0.0265625
0 0.47734375 0.38828125 0.059375 0.0265625