0 0.6046875 0.70546875 0.234375 0.1328125
0 0.3890625 0.86328125 0.14375 0.1359375
0 0.4421875 0.64609375 0.121875 0.0765625
0 0.46484375 0.57265625 0.096875 0.0609375
0 0.5828125 0.59921875 0.1 0.0609375
0 0.5828125 0.496875 0.0890625 0.04375
0 0.38203125 0.49375 0.165625 0.059375
0 0.28046875 0.54375 0.1015625 0.0515625
0 0.465625 0.4375 0.090625 0.0375
0 0.928125 0.60390625 0.14375 0.1046875
0 0.87734375 0.5359375 0.1046875 0.0546875
0 0.8234375 0.49921875 0.1171875 0.0640625
0 0.75078125 0.43671875 0.0703125 0.03125
0 0.68046875 0.4125 0.071875 0.03125
0 0.71875 0.36796875 0.1109375 0.0421875
0 0.58515625 0.33828125 0.1046875 0.0390625
0 0.62890625 0.35703125 0.0671875 0.028125
0 0.475 0.3890625 0.059375 0.0265625