0 0.64375 0.64140625 0.2953125 0.24375
0 0.2609375 0.81171875 0.48125 0.3546875
0 0.7125 0.94765625 0.346875 0.1046875
0 0.86328125 0.8203125 0.1796875 0.1640625
0 0.353125 0.425 0.4140625 0.234375
0 0.70546875 0.42109375 0.1625 0.09375
0 0.88203125 0.509375 0.15625 0.125
0 0.9609375 0.603125 0.0609375 0.06875
0 0.684375 0.21328125 0.1609375 0.08125
0 0.525 0.27890625 0.1984375 0.0984375
0 0.45703125 0.2046875 0.0890625 0.0515625
0 0.2734375 0.17890625 0.203125 0.10625
0 0.7609375 0.16875 0.1046875 0.0546875
0 0.66015625 0.13046875 0.1390625 0.0640625
0 0.40859375 0.1328125 0.2546875 0.1125
0 0.828125 0.1234375 0.1890625 0.103125
0 0.596875 0.35859375 0.14375 0.078125
0 0.7265625 0.321875 0.06875 0.0484375
0 0.03046875 0.61796875 0.0609375 0.1203125