0 0.65546875 0.62890625 0.2828125 0.2234375
0 0.2890625 0.83125 0.4625 0.3203125
0 0.753125 0.94375 0.340625 0.1125
0 0.88984375 0.7875 0.1703125 0.153125
0 0.346875 0.43828125 0.4046875 0.203125
0 0.69765625 0.40390625 0.159375 0.0828125
0 0.88125 0.4765625 0.15 0.1140625
0 0.96796875 0.5625 0.05625 0.065625
0 0.65859375 0.1984375 0.1578125 0.06875
0 0.50546875 0.27734375 0.1953125 0.0828125
0 0.43125 0.209375 0.0875 0.0453125
0 0.24609375 0.2 0.2 0.090625
0 0.73125 0.146875 0.103125 0.046875
0 0.62734375 0.11796875 0.1375 0.053125
0 0.3765625 0.1421875 0.253125 0.0921875
0 0.79375 0.09609375 0.1859375 0.0890625
0 0.584375 0.35078125 0.1421875 0.0671875
0 0.71015625 0.303125 0.0671875 0.04375
0 0.034375 0.66015625 0.06875 0.1140625