0 0.46015625 0.29375 0.1015625 0.0984375
0 0.51484375 0.20078125 0.0609375 0.0640625
0 0.5546875 0.40390625 0.0953125 0.1140625
0 0.4875 0.56484375 0.109375 0.075
0 0.49921875 0.515625 0.0765625 0.0453125
0 0.75859375 0.559375 0.08125 0.1234375
0 0.834375 0.70703125 0.1203125 0.1671875
0 0.671875 0.37265625 0.0609375 0.0796875
0 0.6078125 0.253125 0.075 0.090625
0 0.44453125 0.38828125 0.0453125 0.0390625
0 0.44453125 0.42421875 0.04375 0.0296875
0 0.45234375 0.35234375 0.034375 0.0296875
0 0.4421875 0.16875 0.040625 0.03125