0 0.20703125 0.515625 0.065625 0.059375
0 0.36328125 0.36875 0.2578125 0.103125
0 0.87734375 0.58046875 0.2453125 0.3171875
0 0.965625 0.83203125 0.06875 0.2203125
0 0.48203125 0.84609375 0.4015625 0.3078125
0 0.26796875 0.71953125 0.0859375 0.0828125
0 0.48125 0.5390625 0.1390625 0.0953125
0 0.628125 0.60859375 0.0640625 0.046875
0 0.6515625 0.3953125 0.065625 0.05
0 0.29296875 0.471875 0.11875 0.0796875
0 0.28515625 0.55 0.05 0.0390625
0 0.18046875 0.6515625 0.0625 0.0640625
0 0.23828125 0.8109375 0.0671875 0.0671875
0 0.59375 0.3046875 0.175 0.0640625