0 0.41640625 0.47265625 0.4171875 0.340625
0 0.14375 0.77578125 0.2875 0.2390625
0 0.825 0.54296875 0.259375 0.1453125
0 0.81640625 0.66171875 0.2609375 0.1546875
0 0.765625 0.834375 0.2390625 0.2703125
0 0.70390625 0.3953125 0.271875 0.1453125
0 0.68359375 0.28984375 0.159375 0.0703125
0 0.40859375 0.15546875 0.178125 0.084375
0 0.6015625 0.203125 0.18125 0.0921875
0 0.76796875 0.18046875 0.1453125 0.1015625
0 0.6921875 0.1109375 0.109375 0.059375
0 0.5859375 0.07578125 0.1203125 0.05
0 0.47421875 0.09140625 0.1203125 0.053125
0 0.29453125 0.09375 0.0875 0.040625
0 0.33046875 0.046875 0.0640625 0.025
0 0.353125 0.01015625 0.059375 0.0203125
0 0.4203125 0.03125 0.0625 0.03125